{
 "cells": [
  {
   "cell_type": "code",
   "execution_count": 1,
   "id": "798dbefe",
   "metadata": {},
   "outputs": [],
   "source": [
    "import pandas as pd\n",
    "import numpy as np\n",
    "from numpy import linalg\n",
    "from numpy.linalg import cholesky\n",
    "import statsmodels as sm\n",
    "import statsmodels.formula.api as smf\n",
    "from matplotlib import pyplot as plt\n",
    "import math\n",
    "from statsmodels.tsa.api import VAR\n",
    "from statsmodels.tsa.vector_ar.var_model import FEVD\n",
    "from sklearn.preprocessing import StandardScaler"
   ]
  },
  {
   "cell_type": "code",
   "execution_count": 2,
   "id": "91338351",
   "metadata": {},
   "outputs": [],
   "source": [
    "df=pd.read_csv(\"c://j-works22/works/data/macro_month.csv\")\n",
    "y=df['y']\n",
    "x1=df['x1']\n",
    "x2=df['x2']\n",
    "x3=df['x3']\n",
    "x4=df['x4']\n",
    "x5=df['x5']\n",
    "z=pd.concat([x1,x2,x3,x4,x5],axis=1)\n",
    "n=len(y)\n",
    "z=np.array(z)\n",
    "\n",
    "# x=StandardScaler(with_mean=True, with_std=True).fit_transform(x)"
   ]
  },
  {
   "cell_type": "code",
   "execution_count": 3,
   "id": "9bd5ae4d",
   "metadata": {},
   "outputs": [],
   "source": [
    "w=np.matmul(z.T, z)   \n",
    "evals, evecs = np.linalg.eig(w)\n",
    "# np.shape(evecs)\n",
    "\n",
    "# Eigenvalues and eigenvectors as descending order\n",
    "sort=np.argsort(-1*evals)\n",
    "vals=evals[sort]\n",
    "vecs=evecs[:, sort]\n",
    "\n",
    "# the largest eigenvalue and eigenvector\n",
    "vals0=vals[0]\n",
    "vals1=vals[1]\n",
    "vecs0=vecs[:,0]\n",
    "vecs1=vecs[:,1]\n",
    "\n",
    "# f0 is the the largest factor\n",
    "g0=np.sqrt(n)*vecs0\n",
    "g1=np.sqrt(n)*vecs1\n",
    "g=np.vstack((g0,g1))\n",
    "g=g.T\n",
    "\n",
    "f=np.matmul(z, g)/n\n",
    "\n",
    "# np.shape(f)\n",
    "# rescaled factor\n",
    "# factor0=np.array(f0)\n",
    "#f0=f0.reshape(-1,1)\n",
    "#f0=StandardScaler(with_mean=True, with_std=True).fit_transform(f0)"
   ]
  },
  {
   "cell_type": "code",
   "execution_count": 4,
   "id": "50b7f7ef",
   "metadata": {},
   "outputs": [],
   "source": [
    "f=np.array(f)\n",
    "w=np.column_stack((f, y))\n",
    "# w.shape[0]\n",
    "# w.shape[1]"
   ]
  },
  {
   "cell_type": "code",
   "execution_count": 5,
   "id": "bede63c6",
   "metadata": {},
   "outputs": [
    {
     "data": {
      "text/plain": [
       "array([[ 6.85062540e-02,  0.00000000e+00,  0.00000000e+00],\n",
       "       [-5.61281396e-05,  5.99622873e-02,  0.00000000e+00],\n",
       "       [-5.27556772e-03, -5.71873644e-03,  1.12192509e-01]])"
      ]
     },
     "execution_count": 5,
     "metadata": {},
     "output_type": "execute_result"
    }
   ],
   "source": [
    "# VAR estimation \n",
    "w=np.column_stack((f, y))\n",
    "var=VAR(w).fit(maxlags=10, ic='bic')\n",
    "# compute the cholesky factorfrom VAR residuals\n",
    "rsd=var.resid\n",
    "sigma=np.matmul(rsd.T, rsd)/len(rsd)\n",
    "pm=cholesky(sigma)\n",
    "pm"
   ]
  },
  {
   "cell_type": "code",
   "execution_count": 6,
   "id": "b3c8aa30",
   "metadata": {
    "scrolled": true
   },
   "outputs": [
    {
     "name": "stdout",
     "output_type": "stream",
     "text": [
      "FEVD for y1\n",
      "           y1        y2        y3\n",
      "0    1.000000  0.000000  0.000000\n",
      "1    0.998923  0.000912  0.000165\n",
      "2    0.998195  0.001547  0.000258\n",
      "3    0.997841  0.001888  0.000272\n",
      "4    0.997696  0.002033  0.000271\n",
      "5    0.997621  0.002084  0.000295\n",
      "6    0.997549  0.002099  0.000353\n",
      "7    0.997461  0.002101  0.000438\n",
      "8    0.997357  0.002101  0.000541\n",
      "9    0.997244  0.002101  0.000655\n",
      "\n",
      "FEVD for y2\n",
      "           y1        y2        y3\n",
      "0    0.000001  0.999999  0.000000\n",
      "1    0.000711  0.994895  0.004394\n",
      "2    0.002081  0.992471  0.005447\n",
      "3    0.002801  0.991714  0.005485\n",
      "4    0.003089  0.991353  0.005558\n",
      "5    0.003175  0.990954  0.005871\n",
      "6    0.003192  0.990452  0.006356\n",
      "7    0.003191  0.989884  0.006924\n",
      "8    0.003190  0.989290  0.007520\n",
      "9    0.003192  0.988695  0.008113\n",
      "\n",
      "FEVD for y3\n",
      "           y1        y2        y3\n",
      "0    0.002201  0.002586  0.995214\n",
      "1    0.007429  0.005930  0.986641\n",
      "2    0.010337  0.008532  0.981132\n",
      "3    0.012267  0.010456  0.977278\n",
      "4    0.013649  0.011841  0.974509\n",
      "5    0.014681  0.012839  0.972481\n",
      "6    0.015469  0.013566  0.970964\n",
      "7    0.016084  0.014109  0.969807\n",
      "8    0.016571  0.014523  0.968906\n",
      "9    0.016963  0.014846  0.968191\n",
      "\n",
      "\n"
     ]
    }
   ],
   "source": [
    "fd=var.fevd(10)\n",
    "fd.summary()"
   ]
  },
  {
   "cell_type": "code",
   "execution_count": 76,
   "id": "0dba74a6",
   "metadata": {},
   "outputs": [
    {
     "name": "stdout",
     "output_type": "stream",
     "text": [
      "n= 235\n",
      "FEVD for y1\n",
      "            y1        y2        y3\n",
      "0     1.000000  0.000000  0.000000\n",
      "1     0.998149  0.001613  0.000238\n",
      "2     0.996219  0.003319  0.000462\n",
      "3     0.995189  0.004237  0.000574\n",
      "4     0.994768  0.004631  0.000601\n",
      "5     0.994624  0.004775  0.000601\n",
      "6     0.994572  0.004822  0.000606\n",
      "7     0.994540  0.004834  0.000626\n",
      "8     0.994506  0.004836  0.000658\n",
      "9     0.994464  0.004836  0.000700\n",
      "10    0.994417  0.004836  0.000747\n",
      "11    0.994368  0.004836  0.000796\n",
      "\n",
      "FEVD for y2\n",
      "            y1        y2        y3\n",
      "0     0.000125  0.999875  0.000000\n",
      "1     0.000117  0.993351  0.006533\n",
      "2     0.000501  0.991594  0.007905\n",
      "3     0.000692  0.991414  0.007894\n",
      "4     0.000750  0.991063  0.008187\n",
      "5     0.000759  0.990281  0.008960\n",
      "6     0.000758  0.989212  0.010030\n",
      "7     0.000759  0.988009  0.011233\n",
      "8     0.000762  0.986763  0.012475\n",
      "9     0.000767  0.985523  0.013710\n",
      "10    0.000774  0.984310  0.014916\n",
      "11    0.000781  0.983133  0.016085\n",
      "\n",
      "FEVD for y3\n",
      "            y1        y2        y3\n",
      "0     0.000737  0.002942  0.996322\n",
      "1     0.003841  0.005539  0.990620\n",
      "2     0.005156  0.008892  0.985952\n",
      "3     0.005801  0.011671  0.982528\n",
      "4     0.006172  0.013769  0.980059\n",
      "5     0.006413  0.015314  0.978273\n",
      "6     0.006582  0.016459  0.976960\n",
      "7     0.006707  0.017320  0.975974\n",
      "8     0.006803  0.017982  0.975215\n",
      "9     0.006879  0.018502  0.974618\n",
      "10    0.006941  0.018920  0.974139\n",
      "11    0.006991  0.019261  0.973747\n",
      "\n",
      "\n",
      "None\n",
      "n= 236\n",
      "FEVD for y1\n",
      "            y1        y2        y3\n",
      "0     1.000000  0.000000  0.000000\n",
      "1     0.998109  0.001660  0.000232\n",
      "2     0.996080  0.003462  0.000458\n",
      "3     0.994987  0.004435  0.000578\n",
      "4     0.994536  0.004853  0.000611\n",
      "5     0.994380  0.005007  0.000613\n",
      "6     0.994328  0.005057  0.000615\n",
      "7     0.994300  0.005070  0.000630\n",
      "8     0.994271  0.005073  0.000656\n",
      "9     0.994237  0.005073  0.000690\n",
      "10    0.994198  0.005072  0.000729\n",
      "11    0.994157  0.005072  0.000771\n",
      "\n",
      "FEVD for y2\n",
      "            y1        y2        y3\n",
      "0     0.000136  0.999864  0.000000\n",
      "1     0.000125  0.993377  0.006498\n",
      "2     0.000552  0.991571  0.007876\n",
      "3     0.000774  0.991358  0.007868\n",
      "4     0.000845  0.991008  0.008147\n",
      "5     0.000858  0.990245  0.008897\n",
      "6     0.000858  0.989203  0.009940\n",
      "7     0.000857  0.988027  0.011115\n",
      "8     0.000860  0.986809  0.012331\n",
      "9     0.000865  0.985595  0.013539\n",
      "10    0.000872  0.984407  0.014721\n",
      "11    0.000879  0.983255  0.015866\n",
      "\n",
      "FEVD for y3\n",
      "            y1        y2        y3\n",
      "0     0.000721  0.002967  0.996312\n",
      "1     0.003790  0.005599  0.990611\n",
      "2     0.005127  0.009007  0.985865\n",
      "3     0.005800  0.011833  0.982367\n",
      "4     0.006198  0.013966  0.979836\n",
      "5     0.006462  0.015538  0.978000\n",
      "6     0.006650  0.016701  0.976649\n",
      "7     0.006792  0.017576  0.975632\n",
      "8     0.006901  0.018249  0.974850\n",
      "9     0.006988  0.018777  0.974235\n",
      "10    0.007059  0.019201  0.973740\n",
      "11    0.007117  0.019548  0.973336\n",
      "\n",
      "\n",
      "None\n",
      "n= 237\n",
      "FEVD for y1\n",
      "            y1        y2        y3\n",
      "0     1.000000  0.000000  0.000000\n",
      "1     0.998216  0.001558  0.000226\n",
      "2     0.996442  0.003131  0.000427\n",
      "3     0.995514  0.003969  0.000517\n",
      "4     0.995143  0.004324  0.000534\n",
      "5     0.995015  0.004452  0.000533\n",
      "6     0.994964  0.004492  0.000544\n",
      "7     0.994924  0.004502  0.000574\n",
      "8     0.994877  0.004503  0.000620\n",
      "9     0.994822  0.004503  0.000675\n",
      "10    0.994761  0.004503  0.000736\n",
      "11    0.994698  0.004503  0.000799\n",
      "\n",
      "FEVD for y2\n",
      "            y1        y2        y3\n",
      "0     0.000175  0.999825  0.000000\n",
      "1     0.000160  0.993352  0.006489\n",
      "2     0.000570  0.991585  0.007845\n",
      "3     0.000781  0.991386  0.007834\n",
      "4     0.000846  0.991023  0.008130\n",
      "5     0.000858  0.990235  0.008907\n",
      "6     0.000858  0.989163  0.009979\n",
      "7     0.000858  0.987959  0.011183\n",
      "8     0.000860  0.986714  0.012426\n",
      "9     0.000865  0.985474  0.013661\n",
      "10    0.000872  0.984262  0.014867\n",
      "11    0.000879  0.983086  0.016035\n",
      "\n",
      "FEVD for y3\n",
      "            y1        y2        y3\n",
      "0     0.000661  0.003009  0.996330\n",
      "1     0.003693  0.005630  0.990677\n",
      "2     0.005001  0.009002  0.985997\n",
      "3     0.005654  0.011797  0.982550\n",
      "4     0.006037  0.013905  0.980058\n",
      "5     0.006290  0.015457  0.978254\n",
      "6     0.006469  0.016605  0.976926\n",
      "7     0.006604  0.017468  0.975928\n",
      "8     0.006708  0.018132  0.975160\n",
      "9     0.006790  0.018654  0.974556\n",
      "10    0.006856  0.019073  0.974071\n",
      "11    0.006911  0.019415  0.973674\n",
      "\n",
      "\n",
      "None\n",
      "n= 238\n",
      "FEVD for y1\n",
      "            y1        y2        y3\n",
      "0     1.000000  0.000000  0.000000\n",
      "1     0.998173  0.001596  0.000231\n",
      "2     0.996420  0.003148  0.000432\n",
      "3     0.995506  0.003976  0.000519\n",
      "4     0.995140  0.004328  0.000533\n",
      "5     0.995013  0.004455  0.000532\n",
      "6     0.994960  0.004495  0.000545\n",
      "7     0.994917  0.004504  0.000578\n",
      "8     0.994867  0.004506  0.000627\n",
      "9     0.994809  0.004505  0.000686\n",
      "10    0.994744  0.004505  0.000750\n",
      "11    0.994677  0.004506  0.000817\n",
      "\n",
      "FEVD for y2\n",
      "            y1        y2        y3\n",
      "0     0.000133  0.999867  0.000000\n",
      "1     0.000182  0.993541  0.006277\n",
      "2     0.000646  0.991744  0.007610\n",
      "3     0.000867  0.991528  0.007606\n",
      "4     0.000935  0.991217  0.007849\n",
      "5     0.000947  0.990528  0.008525\n",
      "6     0.000947  0.989578  0.009475\n",
      "7     0.000946  0.988503  0.010551\n",
      "8     0.000949  0.987386  0.011665\n",
      "9     0.000953  0.986272  0.012775\n",
      "10    0.000959  0.985181  0.013860\n",
      "11    0.000965  0.984121  0.014914\n",
      "\n",
      "FEVD for y3\n",
      "            y1        y2        y3\n",
      "0     0.000665  0.003021  0.996314\n",
      "1     0.003726  0.005654  0.990620\n",
      "2     0.005066  0.009048  0.985887\n",
      "3     0.005744  0.011868  0.982388\n",
      "4     0.006145  0.014002  0.979852\n",
      "5     0.006410  0.015578  0.978012\n",
      "6     0.006599  0.016745  0.976656\n",
      "7     0.006739  0.017625  0.975636\n",
      "8     0.006848  0.018302  0.974850\n",
      "9     0.006934  0.018834  0.974232\n",
      "10    0.007003  0.019261  0.973736\n",
      "11    0.007060  0.019610  0.973329\n",
      "\n",
      "\n",
      "None\n",
      "n= 239\n",
      "FEVD for y1\n",
      "            y1        y2        y3\n",
      "0     1.000000  0.000000  0.000000\n",
      "1     0.998376  0.001384  0.000240\n",
      "2     0.996696  0.002871  0.000433\n",
      "3     0.995811  0.003679  0.000511\n",
      "4     0.995454  0.004025  0.000521\n",
      "5     0.995328  0.004151  0.000521\n",
      "6     0.995271  0.004190  0.000539\n",
      "7     0.995221  0.004199  0.000580\n",
      "8     0.995161  0.004200  0.000639\n",
      "9     0.995092  0.004199  0.000709\n",
      "10    0.995016  0.004199  0.000784\n",
      "11    0.994938  0.004200  0.000862\n",
      "\n",
      "FEVD for y2\n",
      "            y1        y2        y3\n",
      "0     0.000102  0.999898  0.000000\n",
      "1     0.000173  0.993634  0.006193\n",
      "2     0.000725  0.991726  0.007549\n",
      "3     0.000995  0.991456  0.007549\n",
      "4     0.001083  0.991145  0.007772\n",
      "5     0.001101  0.990488  0.008411\n",
      "6     0.001101  0.989585  0.009314\n",
      "7     0.001100  0.988562  0.010338\n",
      "8     0.001102  0.987499  0.011399\n",
      "9     0.001106  0.986438  0.012456\n",
      "10    0.001111  0.985399  0.013490\n",
      "11    0.001117  0.984390  0.014493\n",
      "\n",
      "FEVD for y3\n",
      "            y1        y2        y3\n",
      "0     0.000658  0.002997  0.996344\n",
      "1     0.003714  0.005600  0.990686\n",
      "2     0.005051  0.008999  0.985950\n",
      "3     0.005732  0.011831  0.982436\n",
      "4     0.006139  0.013976  0.979884\n",
      "5     0.006411  0.015560  0.978029\n",
      "6     0.006606  0.016734  0.976660\n",
      "7     0.006752  0.017618  0.975630\n",
      "8     0.006866  0.018298  0.974836\n",
      "9     0.006956  0.018833  0.974211\n",
      "10    0.007029  0.019262  0.973709\n",
      "11    0.007089  0.019613  0.973298\n",
      "\n",
      "\n",
      "None\n",
      "n= 240\n",
      "FEVD for y1\n",
      "            y1        y2        y3\n",
      "0     1.000000  0.000000  0.000000\n",
      "1     0.998393  0.001363  0.000244\n",
      "2     0.996775  0.002788  0.000437\n",
      "3     0.995936  0.003552  0.000512\n",
      "4     0.995605  0.003875  0.000520\n",
      "5     0.995488  0.003991  0.000521\n",
      "6     0.995432  0.004026  0.000542\n",
      "7     0.995379  0.004034  0.000587\n",
      "8     0.995315  0.004034  0.000651\n",
      "9     0.995240  0.004034  0.000726\n",
      "10    0.995160  0.004034  0.000807\n",
      "11    0.995076  0.004035  0.000890\n",
      "\n",
      "FEVD for y2\n",
      "            y1        y2        y3\n",
      "0     0.000113  0.999887  0.000000\n",
      "1     0.000151  0.993555  0.006295\n",
      "2     0.000593  0.991766  0.007641\n",
      "3     0.000804  0.991561  0.007635\n",
      "4     0.000867  0.991239  0.007894\n",
      "5     0.000878  0.990532  0.008590\n",
      "6     0.000878  0.989566  0.009556\n",
      "7     0.000878  0.988478  0.010643\n",
      "8     0.000881  0.987353  0.011767\n",
      "9     0.000886  0.986231  0.012883\n",
      "10    0.000892  0.985133  0.013975\n",
      "11    0.000898  0.984068  0.015034\n",
      "\n",
      "FEVD for y3\n",
      "            y1        y2        y3\n",
      "0     0.000663  0.002935  0.996402\n",
      "1     0.003745  0.005550  0.990705\n",
      "2     0.005107  0.008998  0.985895\n",
      "3     0.005805  0.011869  0.982326\n",
      "4     0.006222  0.014034  0.979744\n",
      "5     0.006499  0.015628  0.977873\n",
      "6     0.006698  0.016805  0.976497\n",
      "7     0.006846  0.017690  0.975464\n",
      "8     0.006961  0.018371  0.974669\n",
      "9     0.007052  0.018905  0.974043\n",
      "10    0.007125  0.019333  0.973541\n",
      "11    0.007186  0.019684  0.973131\n",
      "\n",
      "\n",
      "None\n",
      "n= 241\n",
      "FEVD for y1\n",
      "            y1        y2        y3\n",
      "0     1.000000  0.000000  0.000000\n",
      "1     0.998057  0.001722  0.000221\n",
      "2     0.996705  0.002907  0.000388\n",
      "3     0.996056  0.003511  0.000433\n",
      "4     0.995809  0.003759  0.000432\n",
      "5     0.995710  0.003845  0.000444\n",
      "6     0.995640  0.003869  0.000491\n",
      "7     0.995557  0.003874  0.000570\n",
      "8     0.995456  0.003873  0.000671\n",
      "9     0.995341  0.003873  0.000786\n",
      "10    0.995220  0.003873  0.000907\n",
      "11    0.995095  0.003875  0.001030\n",
      "\n",
      "FEVD for y2\n",
      "            y1        y2        y3\n",
      "0     0.000054  0.999946  0.000000\n",
      "1     0.000121  0.993546  0.006333\n",
      "2     0.000651  0.991651  0.007698\n",
      "3     0.000908  0.991396  0.007696\n",
      "4     0.000991  0.991077  0.007932\n",
      "5     0.001007  0.990403  0.008590\n",
      "6     0.001008  0.989480  0.009512\n",
      "7     0.001007  0.988437  0.010555\n",
      "8     0.001009  0.987355  0.011635\n",
      "9     0.001014  0.986275  0.012711\n",
      "10    0.001020  0.985216  0.013764\n",
      "11    0.001027  0.984187  0.014786\n",
      "\n",
      "FEVD for y3\n",
      "            y1        y2        y3\n",
      "0     0.000764  0.002995  0.996241\n",
      "1     0.004010  0.005542  0.990449\n",
      "2     0.005488  0.008998  0.985514\n",
      "3     0.006283  0.011919  0.981798\n",
      "4     0.006779  0.014138  0.979083\n",
      "5     0.007121  0.015776  0.977103\n",
      "6     0.007371  0.016988  0.975641\n",
      "7     0.007561  0.017900  0.974539\n",
      "8     0.007709  0.018602  0.973689\n",
      "9     0.007827  0.019152  0.973020\n",
      "10    0.007924  0.019594  0.972482\n",
      "11    0.008003  0.019955  0.972042\n",
      "\n",
      "\n",
      "None\n",
      "n= 242\n",
      "FEVD for y1\n",
      "            y1        y2        y3\n",
      "0     1.000000  0.000000  0.000000\n",
      "1     0.997882  0.001879  0.000238\n",
      "2     0.996496  0.003073  0.000431\n",
      "3     0.995841  0.003667  0.000491\n",
      "4     0.995599  0.003908  0.000493\n",
      "5     0.995510  0.003991  0.000499\n",
      "6     0.995455  0.004014  0.000531\n",
      "7     0.995392  0.004018  0.000590\n",
      "8     0.995313  0.004018  0.000669\n",
      "9     0.995224  0.004018  0.000759\n",
      "10    0.995127  0.004018  0.000855\n",
      "11    0.995028  0.004019  0.000952\n",
      "\n",
      "FEVD for y2\n",
      "            y1        y2        y3\n",
      "0     0.000178  0.999822  0.000000\n",
      "1     0.000527  0.992986  0.006487\n",
      "2     0.001378  0.990616  0.008006\n",
      "3     0.001781  0.990194  0.008025\n",
      "4     0.001914  0.989890  0.008197\n",
      "5     0.001944  0.989320  0.008736\n",
      "6     0.001947  0.988544  0.009510\n",
      "7     0.001945  0.987666  0.010390\n",
      "8     0.001945  0.986752  0.011303\n",
      "9     0.001948  0.985839  0.012213\n",
      "10    0.001952  0.984943  0.013105\n",
      "11    0.001957  0.984072  0.013971\n",
      "\n",
      "FEVD for y3\n",
      "            y1        y2        y3\n",
      "0     0.000719  0.003217  0.996064\n",
      "1     0.004025  0.005912  0.990063\n",
      "2     0.005561  0.009487  0.984952\n",
      "3     0.006418  0.012494  0.981088\n",
      "4     0.006971  0.014765  0.978264\n",
      "5     0.007361  0.016433  0.976206\n",
      "6     0.007650  0.017664  0.974686\n",
      "7     0.007872  0.018587  0.973541\n",
      "8     0.008046  0.019296  0.972658\n",
      "9     0.008185  0.019852  0.971963\n",
      "10    0.008299  0.020297  0.971404\n",
      "11    0.008393  0.020661  0.970946\n",
      "\n",
      "\n",
      "None\n",
      "n= 243\n",
      "FEVD for y1\n",
      "            y1        y2        y3\n",
      "0     1.000000  0.000000  0.000000\n",
      "1     0.998307  0.001459  0.000234\n",
      "2     0.997159  0.002443  0.000399\n",
      "3     0.996617  0.002942  0.000442\n",
      "4     0.996414  0.003146  0.000440\n",
      "5     0.996331  0.003216  0.000452\n",
      "6     0.996267  0.003236  0.000498\n",
      "7     0.996188  0.003239  0.000574\n",
      "8     0.996091  0.003238  0.000671\n",
      "9     0.995981  0.003238  0.000781\n",
      "10    0.995865  0.003239  0.000896\n",
      "11    0.995745  0.003240  0.001014\n",
      "\n",
      "FEVD for y2\n",
      "            y1        y2        y3\n",
      "0     0.000165  0.999835  0.000000\n",
      "1     0.000501  0.993008  0.006491\n",
      "2     0.001400  0.990572  0.008028\n",
      "3     0.001828  0.990122  0.008050\n",
      "4     0.001973  0.989812  0.008215\n",
      "5     0.002008  0.989248  0.008744\n",
      "6     0.002012  0.988485  0.009504\n",
      "7     0.002010  0.987621  0.010369\n",
      "8     0.002010  0.986723  0.011267\n",
      "9     0.002011  0.985826  0.012163\n",
      "10    0.002015  0.984946  0.013039\n",
      "11    0.002020  0.984091  0.013889\n",
      "\n",
      "FEVD for y3\n",
      "            y1        y2        y3\n",
      "0     0.000667  0.003186  0.996147\n",
      "1     0.003988  0.005645  0.990367\n",
      "2     0.005442  0.009052  0.985507\n",
      "3     0.006216  0.011946  0.981838\n",
      "4     0.006700  0.014144  0.979156\n",
      "5     0.007036  0.015763  0.977201\n",
      "6     0.007282  0.016960  0.975757\n",
      "7     0.007471  0.017860  0.974669\n",
      "8     0.007619  0.018551  0.973830\n",
      "9     0.007737  0.019094  0.973169\n",
      "10    0.007833  0.019529  0.972637\n",
      "11    0.007913  0.019885  0.972202\n",
      "\n",
      "\n",
      "None\n",
      "n= 244\n",
      "FEVD for y1\n",
      "            y1        y2        y3\n",
      "0     1.000000  0.000000  0.000000\n",
      "1     0.998322  0.001405  0.000273\n",
      "2     0.997623  0.001934  0.000443\n",
      "3     0.997336  0.002195  0.000470\n",
      "4     0.997235  0.002298  0.000467\n",
      "5     0.997173  0.002330  0.000496\n",
      "6     0.997094  0.002337  0.000569\n",
      "7     0.996987  0.002337  0.000676\n",
      "8     0.996856  0.002337  0.000806\n",
      "9     0.996712  0.002338  0.000950\n",
      "10    0.996561  0.002340  0.001099\n",
      "11    0.996408  0.002343  0.001249\n",
      "\n",
      "FEVD for y2\n",
      "            y1        y2        y3\n",
      "0     0.000028  0.999972  0.000000\n",
      "1     0.000691  0.993211  0.006099\n",
      "2     0.001828  0.990603  0.007570\n",
      "3     0.002376  0.990010  0.007614\n",
      "4     0.002575  0.989712  0.007713\n",
      "5     0.002631  0.989254  0.008115\n",
      "6     0.002640  0.988630  0.008730\n",
      "7     0.002638  0.987910  0.009451\n",
      "8     0.002637  0.987152  0.010211\n",
      "9     0.002638  0.986387  0.010976\n",
      "10    0.002640  0.985631  0.011728\n",
      "11    0.002644  0.984894  0.012462\n",
      "\n",
      "FEVD for y3\n",
      "            y1        y2        y3\n",
      "0     0.000792  0.003532  0.995676\n",
      "1     0.004415  0.006147  0.989439\n",
      "2     0.006055  0.010018  0.983926\n",
      "3     0.006965  0.013416  0.979619\n",
      "4     0.007554  0.016058  0.976388\n",
      "5     0.007973  0.018038  0.973989\n",
      "6     0.008288  0.019519  0.972193\n",
      "7     0.008532  0.020642  0.970826\n",
      "8     0.008725  0.021508  0.969766\n",
      "9     0.008881  0.022191  0.968928\n",
      "10    0.009008  0.022740  0.968252\n",
      "11    0.009114  0.023189  0.967697\n",
      "\n",
      "\n",
      "None\n",
      "n= 245\n",
      "FEVD for y1\n",
      "            y1        y2        y3\n",
      "0     1.000000  0.000000  0.000000\n",
      "1     0.998461  0.001273  0.000266\n",
      "2     0.997853  0.001723  0.000424\n",
      "3     0.997614  0.001942  0.000443\n",
      "4     0.997530  0.002027  0.000443\n",
      "5     0.997468  0.002053  0.000478\n",
      "6     0.997382  0.002058  0.000560\n",
      "7     0.997264  0.002058  0.000679\n",
      "8     0.997122  0.002058  0.000821\n",
      "9     0.996966  0.002059  0.000976\n",
      "10    0.996802  0.002061  0.001136\n",
      "11    0.996637  0.002065  0.001298\n",
      "\n",
      "FEVD for y2\n",
      "            y1        y2        y3\n",
      "0     0.000033  0.999967  0.000000\n",
      "1     0.000617  0.993315  0.006069\n",
      "2     0.001684  0.990810  0.007506\n",
      "3     0.002198  0.990259  0.007543\n",
      "4     0.002383  0.989965  0.007652\n",
      "5     0.002433  0.989493  0.008074\n",
      "6     0.002441  0.988849  0.008710\n",
      "7     0.002439  0.988107  0.009453\n",
      "8     0.002438  0.987327  0.010235\n",
      "9     0.002440  0.986540  0.011020\n",
      "10    0.002443  0.985763  0.011794\n",
      "11    0.002447  0.985005  0.012548\n",
      "\n",
      "FEVD for y3\n",
      "            y1        y2        y3\n",
      "0     0.000802  0.003508  0.995690\n",
      "1     0.004486  0.006195  0.989319\n",
      "2     0.006173  0.010152  0.983675\n",
      "3     0.007114  0.013618  0.979267\n",
      "4     0.007727  0.016308  0.975966\n",
      "5     0.008164  0.018321  0.973516\n",
      "6     0.008491  0.019825  0.971684\n",
      "7     0.008746  0.020964  0.970290\n",
      "8     0.008947  0.021843  0.969210\n",
      "9     0.009109  0.022536  0.968355\n",
      "10    0.009242  0.023092  0.967666\n",
      "11    0.009352  0.023548  0.967101\n",
      "\n",
      "\n",
      "None\n",
      "n= 246\n",
      "FEVD for y1\n",
      "            y1        y2        y3\n",
      "0     1.000000  0.000000  0.000000\n",
      "1     0.998507  0.001209  0.000285\n",
      "2     0.997656  0.001880  0.000464\n",
      "3     0.997266  0.002233  0.000501\n",
      "4     0.997122  0.002380  0.000498\n",
      "5     0.997052  0.002431  0.000517\n",
      "6     0.996982  0.002444  0.000575\n",
      "7     0.996890  0.002445  0.000664\n",
      "8     0.996779  0.002445  0.000776\n",
      "9     0.996654  0.002445  0.000901\n",
      "10    0.996522  0.002446  0.001032\n",
      "11    0.996387  0.002449  0.001164\n",
      "\n",
      "FEVD for y2\n",
      "            y1        y2        y3\n",
      "0     0.000064  0.999936  0.000000\n",
      "1     0.000656  0.993198  0.006146\n",
      "2     0.001913  0.990465  0.007622\n",
      "3     0.002537  0.989789  0.007674\n",
      "4     0.002770  0.989470  0.007760\n",
      "5     0.002837  0.989021  0.008141\n",
      "6     0.002850  0.988417  0.008733\n",
      "7     0.002849  0.987721  0.009430\n",
      "8     0.002847  0.986986  0.010167\n",
      "9     0.002847  0.986244  0.010909\n",
      "10    0.002849  0.985511  0.011640\n",
      "11    0.002853  0.984796  0.012351\n",
      "\n",
      "FEVD for y3\n",
      "            y1        y2        y3\n",
      "0     0.000860  0.003401  0.995740\n",
      "1     0.004579  0.006092  0.989329\n",
      "2     0.006195  0.009890  0.983915\n",
      "3     0.007053  0.013178  0.979770\n",
      "4     0.007592  0.015728  0.976680\n",
      "5     0.007971  0.017640  0.974389\n",
      "6     0.008253  0.019073  0.972674\n",
      "7     0.008471  0.020159  0.971369\n",
      "8     0.008644  0.020999  0.970357\n",
      "9     0.008784  0.021661  0.969556\n",
      "10    0.008898  0.022193  0.968910\n",
      "11    0.008992  0.022628  0.968380\n",
      "\n",
      "\n",
      "None\n",
      "n= 247\n",
      "FEVD for y1\n",
      "            y1        y2        y3\n",
      "0     1.000000  0.000000  0.000000\n",
      "1     0.998599  0.001101  0.000300\n",
      "2     0.997821  0.001704  0.000476\n",
      "3     0.997470  0.002024  0.000506\n",
      "4     0.997340  0.002157  0.000503\n",
      "5     0.997269  0.002202  0.000529\n",
      "6     0.997189  0.002212  0.000599\n",
      "7     0.997082  0.002213  0.000705\n",
      "8     0.996953  0.002213  0.000834\n",
      "9     0.996809  0.002214  0.000978\n",
      "10    0.996657  0.002215  0.001127\n",
      "11    0.996503  0.002218  0.001279\n",
      "\n",
      "FEVD for y2\n",
      "            y1        y2        y3\n",
      "0     0.000045  0.999955  0.000000\n",
      "1     0.000581  0.993357  0.006062\n",
      "2     0.001917  0.990539  0.007545\n",
      "3     0.002600  0.989795  0.007605\n",
      "4     0.002865  0.989456  0.007678\n",
      "5     0.002946  0.989024  0.008031\n",
      "6     0.002962  0.988453  0.008585\n",
      "7     0.002962  0.987797  0.009241\n",
      "8     0.002960  0.987104  0.009936\n",
      "9     0.002960  0.986405  0.010636\n",
      "10    0.002962  0.985713  0.011325\n",
      "11    0.002965  0.985037  0.011998\n",
      "\n",
      "FEVD for y3\n",
      "            y1        y2        y3\n",
      "0     0.000889  0.003452  0.995659\n",
      "1     0.004593  0.006226  0.989181\n",
      "2     0.006226  0.010127  0.983648\n",
      "3     0.007114  0.013505  0.979381\n",
      "4     0.007688  0.016126  0.976186\n",
      "5     0.008098  0.018092  0.973810\n",
      "6     0.008408  0.019565  0.972027\n",
      "7     0.008650  0.020682  0.970668\n",
      "8     0.008843  0.021545  0.969612\n",
      "9     0.008999  0.022225  0.968776\n",
      "10    0.009127  0.022772  0.968101\n",
      "11    0.009233  0.023220  0.967547\n",
      "\n",
      "\n",
      "None\n",
      "n= 248\n",
      "FEVD for y1\n",
      "            y1        y2        y3\n",
      "0     1.000000  0.000000  0.000000\n",
      "1     0.998710  0.000993  0.000297\n",
      "2     0.998102  0.001443  0.000454\n",
      "3     0.997850  0.001679  0.000471\n",
      "4     0.997755  0.001773  0.000472\n",
      "5     0.997681  0.001803  0.000516\n",
      "6     0.997580  0.001809  0.000611\n",
      "7     0.997445  0.001809  0.000746\n",
      "8     0.997284  0.001809  0.000907\n",
      "9     0.997107  0.001810  0.001083\n",
      "10    0.996923  0.001813  0.001264\n",
      "11    0.996736  0.001817  0.001447\n",
      "\n",
      "FEVD for y2\n",
      "            y1        y2        y3\n",
      "0     0.000007  0.999993  0.000000\n",
      "1     0.000741  0.993227  0.006031\n",
      "2     0.002120  0.990314  0.007565\n",
      "3     0.002813  0.989531  0.007655\n",
      "4     0.003082  0.989219  0.007698\n",
      "5     0.003165  0.988852  0.007983\n",
      "6     0.003183  0.988363  0.008454\n",
      "7     0.003184  0.987794  0.009023\n",
      "8     0.003182  0.987187  0.009631\n",
      "9     0.003181  0.986571  0.010248\n",
      "10    0.003183  0.985960  0.010858\n",
      "11    0.003185  0.985361  0.011454\n",
      "\n",
      "FEVD for y3\n",
      "            y1        y2        y3\n",
      "0     0.000922  0.003507  0.995571\n",
      "1     0.004712  0.006335  0.988952\n",
      "2     0.006398  0.010344  0.983258\n",
      "3     0.007319  0.013843  0.978838\n",
      "4     0.007913  0.016575  0.975511\n",
      "5     0.008337  0.018636  0.973027\n",
      "6     0.008657  0.020185  0.971159\n",
      "7     0.008906  0.021363  0.969731\n",
      "8     0.009104  0.022275  0.968621\n",
      "9     0.009264  0.022995  0.967740\n",
      "10    0.009396  0.023575  0.967030\n",
      "11    0.009505  0.024049  0.966446\n",
      "\n",
      "\n",
      "None\n",
      "n= 249\n",
      "FEVD for y1\n",
      "            y1        y2        y3\n",
      "0     1.000000  0.000000  0.000000\n",
      "1     0.998537  0.001164  0.000299\n",
      "2     0.997792  0.001736  0.000472\n",
      "3     0.997465  0.002036  0.000499\n",
      "4     0.997345  0.002159  0.000497\n",
      "5     0.997273  0.002199  0.000528\n",
      "6     0.997187  0.002209  0.000605\n",
      "7     0.997072  0.002209  0.000719\n",
      "8     0.996935  0.002209  0.000857\n",
      "9     0.996782  0.002210  0.001008\n",
      "10    0.996623  0.002211  0.001165\n",
      "11    0.996462  0.002214  0.001324\n",
      "\n",
      "FEVD for y2\n",
      "            y1        y2        y3\n",
      "0     0.000004  0.999996  0.000000\n",
      "1     0.000711  0.993245  0.006044\n",
      "2     0.002045  0.990391  0.007565\n",
      "3     0.002706  0.989648  0.007646\n",
      "4     0.002959  0.989343  0.007698\n",
      "5     0.003035  0.988963  0.008002\n",
      "6     0.003051  0.988451  0.008498\n",
      "7     0.003051  0.987857  0.009092\n",
      "8     0.003049  0.987226  0.009725\n",
      "9     0.003049  0.986587  0.010365\n",
      "10    0.003050  0.985955  0.010995\n",
      "11    0.003052  0.985337  0.011611\n",
      "\n",
      "FEVD for y3\n",
      "            y1        y2        y3\n",
      "0     0.001040  0.003593  0.995366\n",
      "1     0.004737  0.006146  0.989116\n",
      "2     0.006310  0.009795  0.983895\n",
      "3     0.007135  0.012975  0.979891\n",
      "4     0.007651  0.015455  0.976895\n",
      "5     0.008012  0.017323  0.974665\n",
      "6     0.008281  0.018727  0.972992\n",
      "7     0.008489  0.019795  0.971716\n",
      "8     0.008655  0.020621  0.970725\n",
      "9     0.008788  0.021273  0.969939\n",
      "10    0.008897  0.021797  0.969306\n",
      "11    0.008987  0.022227  0.968786\n",
      "\n",
      "\n",
      "None\n",
      "n= 250\n",
      "FEVD for y1\n",
      "            y1        y2        y3\n",
      "0     1.000000  0.000000  0.000000\n",
      "1     0.998484  0.001183  0.000333\n",
      "2     0.997808  0.001671  0.000521\n",
      "3     0.997529  0.001924  0.000546\n",
      "4     0.997429  0.002026  0.000545\n",
      "5     0.997359  0.002059  0.000582\n",
      "6     0.997263  0.002066  0.000671\n",
      "7     0.997133  0.002067  0.000800\n",
      "8     0.996979  0.002066  0.000955\n",
      "9     0.996810  0.002067  0.001123\n",
      "10    0.996633  0.002069  0.001298\n",
      "11    0.996456  0.002071  0.001473\n",
      "\n",
      "FEVD for y2\n",
      "            y1        y2        y3\n",
      "0     0.000000  1.000000  0.000000\n",
      "1     0.000613  0.993591  0.005795\n",
      "2     0.002114  0.990604  0.007281\n",
      "3     0.002871  0.989755  0.007374\n",
      "4     0.003171  0.989416  0.007413\n",
      "5     0.003266  0.989044  0.007690\n",
      "6     0.003288  0.988560  0.008151\n",
      "7     0.003290  0.988002  0.008708\n",
      "8     0.003288  0.987411  0.009301\n",
      "9     0.003287  0.986814  0.009899\n",
      "10    0.003287  0.986224  0.010489\n",
      "11    0.003288  0.985650  0.011062\n",
      "\n",
      "FEVD for y3\n",
      "            y1        y2        y3\n",
      "0     0.000874  0.002941  0.996185\n",
      "1     0.004662  0.005376  0.989962\n",
      "2     0.006044  0.008343  0.985613\n",
      "3     0.006645  0.010881  0.982474\n",
      "4     0.006959  0.012858  0.980183\n",
      "5     0.007152  0.014351  0.978497\n",
      "6     0.007285  0.015476  0.977238\n",
      "7     0.007384  0.016335  0.976282\n",
      "8     0.007460  0.017000  0.975540\n",
      "9     0.007521  0.017526  0.974952\n",
      "10    0.007571  0.017950  0.974479\n",
      "11    0.007613  0.018297  0.974090\n",
      "\n",
      "\n",
      "None\n",
      "n= 251\n",
      "FEVD for y1\n",
      "            y1        y2        y3\n",
      "0     1.000000  0.000000  0.000000\n",
      "1     0.998492  0.001065  0.000442\n",
      "2     0.997815  0.001503  0.000681\n",
      "3     0.997551  0.001733  0.000716\n",
      "4     0.997462  0.001826  0.000712\n",
      "5     0.997392  0.001856  0.000752\n",
      "6     0.997288  0.001862  0.000850\n",
      "7     0.997145  0.001862  0.000993\n",
      "8     0.996974  0.001862  0.001164\n",
      "9     0.996786  0.001863  0.001351\n",
      "10    0.996590  0.001865  0.001545\n",
      "11    0.996394  0.001867  0.001739\n",
      "\n",
      "FEVD for y2\n",
      "            y1        y2        y3\n",
      "0     0.000002  0.999998  0.000000\n",
      "1     0.000711  0.994226  0.005063\n",
      "2     0.002235  0.991404  0.006362\n",
      "3     0.003008  0.990556  0.006436\n",
      "4     0.003317  0.990206  0.006477\n",
      "5     0.003417  0.989845  0.006738\n",
      "6     0.003442  0.989392  0.007167\n",
      "7     0.003445  0.988874  0.007681\n",
      "8     0.003443  0.988329  0.008229\n",
      "9     0.003441  0.987779  0.008780\n",
      "10    0.003441  0.987237  0.009322\n",
      "11    0.003442  0.986709  0.009849\n",
      "\n",
      "FEVD for y3\n",
      "            y1        y2        y3\n",
      "0     0.000831  0.002802  0.996367\n",
      "1     0.004518  0.005082  0.990399\n",
      "2     0.005874  0.007925  0.986200\n",
      "3     0.006465  0.010377  0.983158\n",
      "4     0.006774  0.012296  0.980930\n",
      "5     0.006964  0.013749  0.979287\n",
      "6     0.007094  0.014847  0.978059\n",
      "7     0.007191  0.015684  0.977124\n",
      "8     0.007267  0.016335  0.976399\n",
      "9     0.007327  0.016849  0.975824\n",
      "10    0.007376  0.017263  0.975361\n",
      "11    0.007416  0.017602  0.974981\n",
      "\n",
      "\n",
      "None\n",
      "n= 252\n",
      "FEVD for y1\n",
      "            y1        y2        y3\n",
      "0     1.000000  0.000000  0.000000\n",
      "1     0.998472  0.001169  0.000359\n",
      "2     0.997720  0.001720  0.000559\n",
      "3     0.997399  0.002012  0.000589\n",
      "4     0.997282  0.002132  0.000587\n",
      "5     0.997207  0.002172  0.000622\n",
      "6     0.997111  0.002181  0.000708\n",
      "7     0.996984  0.002182  0.000834\n",
      "8     0.996831  0.002181  0.000987\n",
      "9     0.996664  0.002182  0.001154\n",
      "10    0.996489  0.002183  0.001328\n",
      "11    0.996312  0.002186  0.001502\n",
      "\n",
      "FEVD for y2\n",
      "            y1        y2        y3\n",
      "0     0.000006  0.999994  0.000000\n",
      "1     0.000678  0.994028  0.005294\n",
      "2     0.002160  0.991199  0.006641\n",
      "3     0.002906  0.990378  0.006717\n",
      "4     0.003200  0.990040  0.006760\n",
      "5     0.003293  0.989677  0.007030\n",
      "6     0.003315  0.989213  0.007472\n",
      "7     0.003317  0.988679  0.008003\n",
      "8     0.003315  0.988116  0.008568\n",
      "9     0.003314  0.987548  0.009138\n",
      "10    0.003314  0.986987  0.009699\n",
      "11    0.003315  0.986440  0.010245\n",
      "\n",
      "FEVD for y3\n",
      "            y1        y2        y3\n",
      "0     0.000724  0.002658  0.996619\n",
      "1     0.004419  0.005053  0.990528\n",
      "2     0.005838  0.008106  0.986056\n",
      "3     0.006489  0.010743  0.982768\n",
      "4     0.006849  0.012805  0.980346\n",
      "5     0.007080  0.014365  0.978555\n",
      "6     0.007243  0.015542  0.977215\n",
      "7     0.007366  0.016439  0.976195\n",
      "8     0.007463  0.017135  0.975402\n",
